10,112
10,66
10,260
10,10
10,200
10,90
10,16
10,110
11,11
11,5
11,2
11,3
9,7
9,2
9,3
8,9
8,12
8,16
63,3
63,2
63,1
63,0
62,4
62,3
62,2
62,1
62,0
61,4
61,3
61,2
61,1
61,0
59,4
59,3
59,2
59,1
59,0
57,4
57,3
57,2
57,1
57,0
51,3
51,2
51,1
50,3
50,1
49,3
49,1
46,4
46,3
46,1
45,3
45,2
45,1
20,3
20,2
20,1
19,3
19,2
19,1
18,3
18,1
14,3
14,1
13,1
12,3
13,3
12,2
12,1
11,28
11,27
11,26
11,25
11,24
11,22
11,21
11,20
11,19
11,18
11,17
11,1
11,10
10,302
10,272
10,242
10,136
10,132
10,102
10,1
10,32
10,3
10,2
9,6
9,1
9,4
8,17
